639.279175 663.691467
649.313843 606.853638
658.918335 551.066772
668.789551 495.637085
678.607605 441.066132
688.233582 387.330780
697.577942 333.982758
707.273376 281.652893
696.550598 672.176453
706.130371 615.530151
715.454468 559.627380
724.924194 504.327759
734.410461 449.742157
743.593933 395.943207
752.932007 342.872345
762.058838 290.602234
753.485596 680.701416
762.811401 624.092102
771.927795 568.495972
780.844238 513.262756
790.243286 458.636017
798.992737 404.882080
807.868347 351.876495
816.500488 299.658569
810.273865 689.319702
818.880249 632.977783
828.181152 577.279480
836.743286 522.156006
845.362671 467.603180
853.973938 414.181793
862.321960 360.903931
870.784302 308.541290
866.367371 697.735840
875.320862 641.703735
883.689514 585.645508
892.161865 530.876160
900.558960 476.529144
908.658630 422.948517
916.655884 370.143890
924.797607 317.792786
922.422363 706.250549
930.519104 650.250305
939.119324 594.603821
947.324036 539.614136
955.298157 485.544708
962.765259 431.969299
970.902222 378.953949
978.486267 327.044159
977.792053 714.638306
985.770447 658.992981
993.741089 603.539551
1001.715759 548.748413
1009.638123 494.460999
1017.142273 440.986633
1024.620239 388.330750
1031.545410 335.842773
1032.581055 723.133179
1040.454956 667.455383
1048.101929 612.312561
1055.891846 557.620239
1063.406616 503.577576
1070.541992 450.149384
1077.824097 397.251526
1084.554688 345.520111
1087.171143 731.162598
1094.774292 675.910828
1102.437744 620.815857
1109.473755 566.396973
1116.603760 512.523865
1123.920776 459.286530
1130.582886 406.359772
1137.480225 354.406464
1140.990601 739.377808
1148.505249 684.319397
1155.701050 629.303406
1162.644531 575.266235
1169.739014 521.378052
1176.333130 468.302429
1183.292114 415.631226
1189.652466 363.606201
1194.383423 747.568115
1201.658691 692.510132
1208.500244 637.802307
1215.452026 583.635742
1222.260132 530.232178
1228.648804 477.421570
1235.247803 424.646698
1241.515381 372.647827
