645.493042 729.179321
638.733521 674.113220
631.932129 619.701538
625.756470 566.305359
619.303772 513.632813
613.418457 461.839050
607.486694 411.118958
601.787415 361.240906
700.614929 719.706848
693.444885 664.941956
686.333801 610.540894
679.570740 557.136658
672.775208 504.638031
666.260559 452.799164
659.662231 401.961700
653.767944 352.238617
755.894714 710.671265
748.309631 655.527954
740.860291 601.519226
733.513123 547.925720
726.439148 495.358734
719.442871 443.555573
712.716675 392.936646
706.316223 342.985779
811.324463 701.426453
803.426453 646.651367
795.247498 592.438110
787.639587 538.833801
780.171326 486.510895
772.533325 434.731354
765.564209 383.796936
758.355225 334.153076
866.496887 692.367859
858.287170 637.454956
849.698120 583.284912
841.632751 529.874573
833.602417 477.352570
825.830139 425.729919
818.322144 374.783997
810.818909 325.314545
921.904846 683.354919
913.203308 628.502075
904.363098 574.362732
895.772034 520.947632
887.442383 468.382050
879.094299 416.736847
870.987183 366.085785
863.408386 316.458740
977.195679 674.220520
967.955566 619.480408
958.732483 565.439575
950.211365 512.189392
941.301514 459.508362
932.583069 408.042603
924.251221 357.368958
915.605103 307.494965
1032.136108 665.391663
1022.589966 610.635742
1013.296814 556.501404
1003.901672 503.446564
994.744324 450.930542
985.576416 399.363403
976.733154 348.617157
968.226501 298.755280
1086.831909 656.385925
1077.212891 601.544006
1067.594238 547.567749
1057.641479 494.655884
1048.397705 442.280884
1038.978760 390.697632
1029.587158 339.808838
1020.368652 290.316223
1141.671753 647.455872
1131.565430 592.823547
1121.613281 539.023987
1111.741577 486.068451
1101.959106 433.714355
1092.231567 382.035736
1082.563721 331.477692
1072.670654 281.587433
1196.335083 638.504395
1185.740356 583.916199
1175.454102 530.396362
1165.423950 477.599945
1155.215698 425.345184
1145.007935 373.627380
1135.136963 322.996521
1125.260864 273.158234
