444.565216 880.036194
450.678894 806.607971
456.556335 734.590576
462.686890 663.648926
468.635437 594.075378
474.452820 525.230591
480.095459 457.465332
485.746918 391.181580
519.460266 880.563416
525.165833 808.608826
530.481384 737.542786
535.819946 667.680481
541.212952 598.609985
545.941284 530.978577
551.178284 464.071472
556.100159 398.845612
592.371643 881.444336
597.367737 810.356567
602.419617 740.312439
607.076843 671.610840
611.657410 603.413757
616.147095 536.550781
620.647766 470.748810
624.484924 406.059021
663.196350 882.097290
667.400452 812.153198
671.716187 743.320251
675.783203 675.335144
680.104126 607.898865
683.811890 542.048584
688.099976 477.198425
691.357605 413.251678
731.275574 882.581177
735.082642 814.020996
738.854309 745.816406
742.500854 678.889648
746.394043 612.661926
749.755249 547.626831
753.055969 483.120941
756.346619 420.419373
797.537964 883.293213
801.174133 815.648865
804.454224 748.767273
807.731018 682.652344
810.919495 617.125366
813.800476 552.844299
816.671875 489.487000
819.408691 427.346130
861.890808 884.081909
865.055176 817.335999
867.999268 751.366943
870.854675 686.077332
873.913696 621.585388
876.153198 557.955139
878.611389 495.594879
880.726440 434.095520
923.944824 884.659912
926.772156 819.170593
929.703003 754.065918
932.223694 689.610962
934.463379 625.929993
936.534119 563.276672
938.451416 501.531006
940.149109 440.779114
984.494202 885.501709
986.922607 820.731140
989.387207 756.400574
991.467468 693.010254
993.404663 630.407898
995.496033 568.336243
996.826721 507.209808
998.306335 447.320587
1043.093628 886.381958
1045.326050 822.171692
1047.445068 758.931030
1049.506714 696.347229
1050.913086 634.462769
1052.297363 573.075928
1053.658325 513.269470
1054.761963 453.789825
1100.197388 886.811523
1101.998169 823.569275
1103.651367 761.242188
1105.203369 699.527771
1106.764526 638.605835
1107.688110 578.342651
1108.879395 518.640381
1109.583252 460.001648
