360.525421 874.179199
367.861023 801.437500
375.458099 729.723206
385.336243 662.227783
395.721771 591.637207
404.263489 527.180054
418.668396 462.578339
426.572296 390.632568
427.785797 876.021667
437.541718 806.443481
445.380981 733.618896
454.292572 663.332214
466.153137 590.643494
471.523071 529.350037
477.297180 462.715881
488.571777 396.596527
499.203613 882.311340
504.531647 809.799683
514.820435 738.863098
523.724243 666.682068
530.301758 599.151733
540.380127 530.703979
546.342651 465.838959
555.489990 400.953979
570.403503 883.545410
576.265198 816.332336
582.779297 741.665894
589.610291 670.360291
596.479980 605.163208
605.060425 531.597961
613.946838 467.259979
621.298096 404.708374
637.583862 888.425354
644.453857 818.067505
652.637878 745.543701
660.452209 673.630676
664.605591 605.796814
671.566162 539.460388
680.271606 473.201599
686.748108 407.527008
709.716797 894.421631
714.167908 820.437256
720.784302 750.257935
728.561096 678.622925
736.503967 608.119141
738.306580 541.703369
746.248901 475.192444
753.890381 410.458923
780.564087 898.537964
786.154297 826.323303
790.647400 753.237427
798.209900 683.671509
803.743530 615.371948
810.802307 546.020691
813.751282 478.613708
820.964844 413.144867
850.446289 903.941284
853.192932 825.794250
861.787231 758.542236
868.250122 688.895935
871.666748 617.865479
874.519165 546.768188
882.059082 481.877167
886.998962 416.339996
926.615479 916.482910
929.413635 833.692566
932.718140 761.715332
937.286255 691.214844
940.884827 623.280457
946.378662 553.357483
950.535034 486.406067
953.929871 418.848297
996.002563 912.917358
999.622620 837.614258
1003.900208 767.994324
1006.556091 694.885864
1012.557922 625.548218
1015.732117 555.988892
1019.508179 489.230621
1023.353821 422.547943
1066.468506 917.336121
1071.396851 844.486877
1076.362305 773.289856
1084.422241 697.691833
1082.631470 630.981873
1086.784912 557.660278
1086.960693 491.385284
1092.143188 424.605164
