449.651733 842.315552
458.189758 780.546448
466.569427 719.361389
475.012299 659.321472
483.759064 599.546326
492.271973 541.290894
500.979126 483.609589
509.536285 426.804993
502.302979 847.919861
510.366516 785.329468
518.366089 723.439331
526.779663 662.528442
535.249512 602.308533
543.659119 543.063293
552.130554 484.679352
560.411743 427.277679
556.165894 853.663147
563.892944 790.282288
572.000916 727.597168
579.839111 666.015503
587.965393 605.112854
596.219482 544.857117
604.509521 485.729614
612.671387 427.878632
611.714172 859.651855
619.452881 795.618591
626.609741 732.333191
634.527283 669.542297
642.536987 607.573730
650.389282 547.000366
658.237915 487.036530
666.369507 428.263336
668.716309 865.961365
676.184509 800.780273
683.152161 736.624023
690.554810 673.303772
698.266541 610.670898
705.822144 549.264587
713.513428 488.521973
721.427917 429.009613
727.415527 872.423340
734.487854 806.462097
741.347473 741.485779
748.492004 677.213013
755.658691 613.836914
762.856750 551.531433
770.333374 490.153839
777.802246 429.941345
787.658081 878.701782
794.451721 812.270325
801.100037 746.084656
807.764099 681.375671
814.768555 617.068848
821.511414 553.709961
828.703674 491.890076
835.574280 430.738098
849.513489 885.524719
855.762329 818.265442
862.384094 751.156982
868.705627 685.633789
875.136108 620.312866
881.700317 556.396301
888.446106 493.409454
894.902588 431.589539
912.790222 892.635925
918.813538 824.117615
925.452271 756.217651
931.334106 689.660645
937.249695 623.876343
943.683960 558.972839
949.939697 495.354492
955.749451 432.615051
978.245789 899.639099
984.033020 830.378052
989.760132 761.640259
995.750610 694.169495
1001.438416 627.497192
1007.139465 561.788208
1012.751404 497.275208
1018.520447 433.868469
1045.022217 907.011719
1050.586914 836.633240
1055.835693 767.099304
1061.408813 698.635193
1067.096924 631.110779
1072.185669 564.765442
1077.246582 499.343536
1082.353760 434.740906
