613.414734 684.803894
619.447754 629.510986
625.410339 574.372437
631.612732 519.711182
637.534058 465.190063
644.067383 410.886780
650.089539 357.027252
656.118103 303.747986
668.784851 689.941345
674.474304 634.862427
680.607239 579.990967
686.379700 525.419678
692.380432 470.772125
698.228088 416.719055
704.487671 362.749451
710.393677 309.708557
724.237366 695.194519
729.767090 640.244446
735.653870 585.400696
741.406128 530.669556
747.332947 476.275360
753.299683 422.454773
758.978027 368.621155
764.787842 315.353241
779.153992 700.455200
784.734985 645.739929
790.462952 590.714233
796.085449 536.318970
801.669250 481.849213
807.484192 428.099396
813.252747 374.414886
818.775757 321.064758
834.163513 705.682312
839.407715 650.866699
844.867554 596.360107
850.476379 542.044434
856.044434 487.551422
861.552429 433.865417
867.123840 380.410980
872.520386 327.255035
888.467651 710.727112
893.776184 656.196350
899.492188 601.777283
904.941467 547.612549
910.300354 493.559692
915.632080 439.720184
921.225525 386.065979
926.233826 333.229492
942.627808 715.853210
948.161926 661.321838
953.480713 606.976929
958.728943 553.084106
964.308228 498.803253
969.395691 445.546173
974.538513 392.126984
979.604919 339.131531
996.383240 720.974670
1001.932678 666.726807
1007.213745 612.395081
1012.268250 558.591309
1017.362122 504.789825
1022.485107 451.333771
1027.651978 397.880585
1032.482056 345.285889
1049.722168 725.961060
1055.087524 672.033081
1060.384155 617.802185
1065.528931 564.210938
1070.706177 510.403931
1075.478882 456.937561
1080.483887 403.875763
1085.380615 351.285828
1102.821899 731.185669
1108.119019 677.110352
1113.405762 623.430542
1118.365112 569.589417
1123.530029 516.096558
1128.080200 462.832825
1133.310913 409.818909
1137.633423 357.284973
1155.488159 735.793091
1160.659424 682.078430
1165.656860 628.192871
1170.851929 574.994324
1175.695068 521.928650
1180.625488 468.250092
1185.248047 415.767181
1189.786621 362.949829
