640.049255 641.051086
653.674377 587.500610
667.292297 534.953125
680.619019 483.451813
693.937622 432.900635
707.235962 383.523468
720.054199 334.528107
732.612549 287.155853
693.660217 651.447754
707.179077 598.045349
720.377625 545.252869
733.298218 493.452850
746.180481 442.694550
758.681458 392.870880
771.208374 344.074890
783.314514 296.284027
747.900085 662.432617
760.869141 608.505005
773.674377 555.489258
786.341309 503.447845
798.578064 452.616821
810.915466 402.652679
823.194702 353.612823
834.923096 305.477417
802.710938 673.495178
814.990723 619.646545
827.467346 566.204224
839.508911 513.912109
851.482727 462.658661
863.318665 412.494843
874.821594 363.553619
886.374329 315.146301
857.262146 684.485962
869.483276 630.335083
881.405457 576.727539
893.053101 524.396179
904.565979 472.763855
915.739136 422.467468
926.782776 373.201416
938.177856 324.622742
912.473877 695.856018
924.004395 641.286194
935.530762 587.726318
946.641602 534.973267
957.710205 483.271240
968.588745 432.648407
979.424744 383.108856
989.663025 334.463501
967.609619 707.167969
978.948914 652.528259
990.032227 598.541931
1000.572449 545.635681
1011.330688 493.730133
1021.731628 443.079803
1031.807861 393.215881
1041.763916 344.401276
1023.086914 718.492065
1033.689331 663.727173
1044.348145 609.544006
1054.501221 556.749756
1064.773315 504.452911
1074.700684 453.538452
1084.587646 403.409332
1094.154419 354.239014
1078.559204 729.886658
1088.771606 675.104614
1098.879761 620.718018
1108.840454 567.535828
1118.578979 515.371277
1128.075439 463.970093
1137.480103 413.535614
1146.446045 364.351318
1133.985229 741.589722
1143.966919 686.413818
1153.505249 631.818726
1163.163574 578.733887
1172.252563 526.233093
1181.510132 474.535034
1190.441528 424.187317
1198.884888 374.474030
1189.453613 752.972961
1199.024780 697.632202
1208.305542 643.279724
1217.251953 589.739929
1226.203003 537.141357
1235.067261 485.227295
1243.231079 434.372314
1251.530396 384.640533
