406.352539 874.361694
424.025330 811.471802
441.058624 752.045715
457.357025 694.990417
473.161469 641.010864
488.284180 589.652954
502.774536 540.125183
516.836121 493.566071
471.293060 877.778320
487.508392 814.997314
503.092682 754.564514
518.011475 697.609985
532.401855 643.312439
546.246582 591.703796
559.569519 542.304565
572.207031 495.421661
537.248779 881.162476
551.764343 817.952087
565.880920 757.844910
579.208191 700.474243
592.346558 645.820068
604.811157 594.136292
616.789795 544.545044
628.382446 497.546814
603.336731 885.139099
616.251709 822.051697
628.853882 761.324951
640.910645 703.522644
652.380066 648.675293
663.447937 596.661804
674.580017 546.895203
684.578918 499.503662
669.642395 889.265259
681.081665 825.384827
691.834290 764.621094
702.460144 706.811218
712.809753 651.493164
722.591125 599.389099
732.013550 549.497803
741.391296 502.087585
736.578247 893.604309
746.363525 829.448730
755.735962 768.339783
764.945313 710.275330
773.594482 654.997314
782.318909 602.331848
790.517151 552.190735
798.238953 504.468384
803.650330 898.330261
812.018921 833.689453
819.881958 772.294250
827.422852 713.930298
835.084290 658.228088
841.994324 605.521484
849.044250 554.882385
855.414246 507.195313
870.634766 902.582214
877.614075 837.969788
884.398193 776.455933
890.332031 717.866516
896.440308 661.839050
902.145508 608.588440
907.678406 558.006836
912.915894 509.933868
938.440186 907.259460
943.739319 842.472473
948.786865 780.323608
953.625488 721.499695
958.317383 665.346863
962.583923 611.927185
966.643433 561.003357
970.664978 512.561829
1006.435852 911.962769
1010.141296 847.109802
1013.691162 784.680176
1017.294861 725.463684
1020.504944 669.339050
1023.163330 615.469910
1026.054199 564.205200
1028.864746 515.318420
1074.520142 916.948975
1076.695557 851.592590
1078.601074 789.116699
1080.603638 729.773865
1082.448853 673.108826
1084.049561 618.795898
1085.563599 567.652466
1087.068237 518.841736
