304.013184 582.121765
299.155334 509.533508
294.140594 436.903961
289.340759 363.948669
284.347778 291.081451
279.181244 217.684113
273.815186 144.112747
268.604279 70.855942
367.726563 579.924744
363.450836 508.981537
358.854279 437.548553
354.195496 365.985077
349.480255 293.947693
344.161530 222.165237
339.243927 149.834885
333.994995 78.137375
429.366394 578.205933
425.278809 508.309021
421.313354 438.117004
416.930481 367.975677
412.256866 297.172241
407.467957 226.515808
402.611176 155.747070
397.098785 84.996155
488.629730 576.352966
484.728119 507.762085
480.971497 439.000702
476.798859 369.873596
472.657745 300.130951
467.883423 230.883240
463.548553 161.462189
458.167999 91.938408
545.071594 574.491272
541.679321 507.428192
538.140137 439.453766
534.393372 371.667358
530.582275 303.486847
526.242615 235.384735
521.587402 166.745224
516.944214 98.816864
599.494751 572.929993
596.704163 506.925659
593.491760 440.472931
590.039551 373.780060
586.351624 306.560608
582.211975 239.645386
577.941284 172.450150
573.427673 105.631302
651.936279 571.534180
649.412109 506.576569
646.531128 441.265533
643.391785 375.615082
640.184326 309.748138
636.180969 243.750961
632.202148 177.997650
627.724976 112.107185
702.172180 570.084778
699.911926 506.510559
697.629639 442.264404
694.737915 377.718658
691.513489 312.947937
687.877563 248.200653
684.084045 183.313278
679.841614 118.651237
750.759094 568.915222
748.737427 506.229889
746.559204 443.022461
743.886475 379.711548
740.890747 316.326355
737.920044 252.443710
734.145752 188.573761
730.211365 125.008499
797.498535 567.949097
795.714722 506.013947
793.771545 444.001770
791.478943 381.797546
788.694946 319.313049
785.558411 256.344666
782.448181 194.073700
778.815491 131.335556
842.629272 566.596252
840.976379 505.798706
838.952271 444.923645
836.892822 383.806091
834.551331 322.533417
831.785645 260.901001
828.893616 199.054794
825.505493 137.382721
