333.305969 464.110443
341.396240 406.201660
349.621582 348.884888
357.714294 292.280090
365.852997 236.260757
374.179565 181.154037
382.054901 126.063736
389.843170 72.380676
392.180969 474.769470
400.402191 417.511414
408.391113 360.431244
416.164063 304.005585
424.001526 248.260452
431.508026 193.153564
439.210754 138.737625
446.560516 85.085396
450.711823 485.896637
458.460175 428.577057
466.264038 371.824127
473.944824 315.608856
481.257538 260.292419
488.762054 205.513641
496.264618 151.357742
503.330902 97.727226
508.645630 496.983826
515.955322 440.284027
523.591064 383.564728
530.782288 327.593811
538.004028 272.333344
545.130737 217.853210
552.035645 164.247421
559.007446 110.822823
565.125732 507.932129
572.618774 451.397339
579.915588 395.007996
586.969604 339.474701
593.870789 284.291046
600.532715 230.130997
607.099243 176.690216
614.088135 123.505150
621.213989 519.069885
628.253418 462.701080
635.431152 406.787506
642.159973 351.337646
648.848511 296.556580
655.411072 242.540085
661.986877 189.256790
667.984619 136.422134
676.165466 530.054443
683.312012 474.082001
690.257324 418.232025
696.656738 363.142059
703.287781 308.622253
709.614075 255.050385
715.641479 201.842438
721.579712 149.346619
730.614746 540.859924
737.179016 485.330902
743.938293 429.800140
750.180542 375.257996
756.549927 320.828522
762.652039 267.439545
768.764038 214.454803
774.491333 162.001694
783.970459 551.767212
790.461304 496.585846
796.830933 441.366608
803.146545 386.938599
809.209900 333.087067
815.140808 279.674469
820.985474 226.798233
826.455750 174.812698
836.414246 562.616638
842.871094 507.514282
848.930176 452.773804
855.101929 398.930206
860.837036 345.206512
866.727661 291.866211
872.453247 239.596405
877.553711 187.455902
887.938232 573.181885
894.268494 518.553711
900.251953 464.315674
906.047241 410.612640
911.788818 357.216583
917.612793 304.157806
922.707703 251.699036
928.019897 200.054474
