198.290436 575.090515
197.486084 510.295135
196.399445 445.142578
195.524368 380.156250
194.961182 314.450897
194.273193 249.409424
193.716080 184.181152
193.199799 118.896805
261.638428 574.294800
260.650635 509.387421
259.622650 444.090973
259.089691 378.801514
258.610840 313.246368
258.030518 247.844559
257.647644 182.281464
256.983124 117.132172
325.187469 573.607605
324.253754 508.515594
323.763550 443.050110
323.021606 377.693878
322.487396 312.108917
322.069427 246.185669
321.686554 180.540756
321.335693 115.352127
389.281128 572.996399
388.781647 507.921021
387.744171 442.562500
387.408783 376.603363
387.130280 310.521515
386.699066 244.993912
386.156525 179.071472
386.015869 113.545670
453.509796 572.643127
453.185638 507.074554
452.387970 441.494080
451.999695 375.705505
451.822937 309.660004
451.449768 243.887680
451.079895 177.811737
451.057404 112.114685
518.118530 572.262634
517.897217 506.668945
517.476501 440.925232
517.220459 374.902710
516.899963 308.780182
516.519958 242.806778
516.435242 176.756912
516.235229 111.019310
582.874268 571.557739
582.896362 506.201965
582.631714 439.987976
582.372498 374.300598
582.296082 307.976227
581.914490 241.631485
581.988342 175.866699
581.571655 109.816963
647.861572 571.201294
647.771851 505.851532
647.941833 439.518066
647.747437 373.778564
647.522095 307.206482
647.411011 241.033066
647.475525 174.750275
647.092285 108.768654
712.731567 571.034729
712.819397 505.269775
713.463867 438.942291
713.270996 373.007355
713.033020 306.755707
713.305176 240.300003
713.333313 174.125641
712.765564 107.916466
778.144531 570.578552
778.481018 504.962463
778.639099 438.725464
779.025452 372.656647
779.067505 306.301117
779.055603 239.818405
778.992126 173.511353
778.946411 107.377151
843.200867 570.427246
843.759644 504.637207
843.881348 438.505005
844.324890 372.286774
844.883484 305.838257
844.831726 239.522461
844.743347 173.078201
844.559265 106.472305
