214.273178 594.625854
210.563019 533.112305
207.200409 473.560242
203.748474 414.960236
200.597992 358.414246
197.637085 303.408966
194.186844 249.246048
191.565674 197.281189
282.434174 592.254761
278.158478 531.446350
273.891571 471.371216
269.916077 413.514252
266.022156 356.921783
262.125153 302.220184
258.427185 248.572845
254.545380 196.915756
350.449799 589.890991
345.282074 529.210266
340.547638 470.008881
335.632874 412.150391
331.091400 355.868164
326.476654 301.314209
321.937225 248.243439
317.559814 196.628830
417.487396 588.157715
411.780121 528.164368
406.282013 468.868805
400.791962 411.136505
395.326447 355.062988
389.878784 300.849121
385.088501 247.809479
379.483307 196.448364
483.514160 586.614441
477.150513 526.416870
470.731964 467.648102
464.725006 410.379456
458.767761 354.375854
452.853821 300.531250
446.805817 247.943100
441.292999 196.852325
548.927185 585.297119
541.932251 525.384949
535.055725 466.820282
528.390747 409.858856
521.599426 354.421814
515.189697 300.539581
508.666534 248.090836
502.107697 197.341980
613.373047 584.327820
605.922546 524.519287
598.399170 466.266754
590.951355 409.586121
583.857849 354.320038
576.510864 300.755493
569.415527 248.371674
562.151062 197.885513
676.467041 582.966064
668.629272 523.779114
661.045776 465.926941
652.799194 409.656494
645.035583 354.486908
637.071533 301.042358
629.346741 249.035583
621.498718 198.748291
739.210938 581.969482
730.756836 523.248962
722.208862 465.447906
713.852661 409.426788
705.433472 354.724182
696.943542 301.555634
688.429993 249.737396
680.120483 199.414612
800.934509 581.095886
791.949890 522.936707
782.890869 465.459106
774.073730 409.662140
765.137085 355.485535
755.748352 302.313019
746.990173 250.609634
738.114807 200.332550
861.612976 580.501282
852.050354 522.554565
842.272278 465.619049
832.917603 410.197998
823.388550 356.069763
813.916565 302.969147
804.498779 251.805801
795.372925 201.980637
