344.499420 559.293457
331.381836 500.696747
318.053131 442.010345
305.275940 383.680206
291.992157 325.424072
279.205475 267.402802
266.253906 209.897308
253.503967 152.641083
402.357086 548.159363
389.407318 490.138306
376.362213 431.731873
363.456665 373.663239
350.357330 315.883240
337.362823 258.109283
324.132233 200.706284
311.591400 143.942047
459.657013 537.644958
446.828125 479.498413
434.042542 421.796783
421.054535 363.775208
408.142242 306.185913
395.125793 248.755569
382.221954 191.883270
369.562317 135.123749
516.221191 527.069580
503.698303 469.601746
490.695892 411.947815
477.971558 354.221893
465.221863 297.147064
452.019287 240.039673
439.324005 183.108948
426.218262 126.954117
571.715332 516.921509
559.442383 459.539673
546.571106 402.193848
533.978271 344.973389
521.125793 287.958771
508.306854 231.288254
495.542572 174.665207
482.605682 118.951126
626.649963 506.937073
614.469971 449.915894
601.905151 392.842651
589.274231 335.891205
576.655212 279.158142
563.756042 222.745148
550.900085 166.714401
538.385315 111.130531
680.787292 497.048920
668.518250 440.346893
656.125916 383.734619
644.124390 327.172821
631.427307 270.660797
618.698364 214.681503
606.138367 158.929276
593.010071 103.273689
733.849792 487.624695
721.811523 431.190338
709.781067 374.715881
697.418518 318.701355
685.023621 262.567902
672.338745 206.784378
659.789001 151.190628
647.324585 95.867279
785.946716 478.160309
774.337341 421.935547
762.447266 365.902405
750.044312 310.256012
738.037048 254.572388
725.624512 199.030548
713.053589 143.538712
700.425171 88.887138
837.591797 468.847717
825.886108 413.135620
814.147156 357.562500
802.262756 302.219727
790.274719 246.809753
778.087769 191.432083
765.810120 136.563690
753.004517 81.761185
888.358948 459.610199
876.636169 404.351410
864.966370 349.335754
853.402405 294.444336
841.466858 239.419083
829.308655 184.270630
817.278564 129.576691
804.974304 75.076172
