208.642288 586.003296
203.301361 513.256287
198.249512 440.040680
196.200806 369.626434
193.968399 294.615173
190.792358 224.971939
193.890930 153.778961
188.334030 73.389137
278.147949 581.961609
276.564056 512.730591
272.436066 438.982513
269.658264 366.336548
269.331879 289.596497
264.013428 224.050476
257.945923 151.552719
257.798676 78.116180
351.278198 582.050903
345.524994 510.857391
345.015778 439.411346
342.654755 365.410004
338.425629 295.057953
337.534302 222.272552
332.701782 152.298294
331.104248 80.956154
422.029236 577.350464
418.449219 511.829926
414.374756 437.541931
410.819550 365.156494
407.965240 297.779877
405.335205 220.362244
404.317322 151.375900
401.776855 83.281792
488.057251 576.586365
485.786560 508.426147
484.477692 436.701538
482.614227 364.248932
477.361877 294.916351
474.857697 225.789139
473.982269 155.485016
470.660645 84.646530
557.590942 576.532837
553.427795 505.636108
551.586670 436.854919
550.464111 365.325714
549.369690 293.717590
542.456360 225.363251
541.397034 155.402344
540.053162 86.174965
624.381226 574.840637
622.239746 506.125610
618.808289 435.285919
618.378235 366.449707
615.942078 297.844788
614.594299 226.923553
609.238281 156.889587
607.983154 87.554665
689.110352 574.466187
684.482178 500.909668
686.074463 435.976318
685.254272 367.795959
681.195374 297.193237
676.321411 225.286407
676.382202 158.250107
673.584229 89.561195
758.803345 580.203735
754.612549 503.152527
751.565674 434.704010
749.549744 366.421570
746.639832 299.487549
745.132996 229.323563
742.481323 160.981171
738.691223 90.850525
819.795227 571.769104
817.592651 502.148163
816.208923 436.495331
812.899048 366.461212
812.721619 298.620117
809.809692 229.500595
807.527771 161.972534
805.031433 93.414024
881.170654 570.645691
880.891846 503.856995
880.547729 437.358398
882.542725 365.329163
876.284424 301.007141
874.702271 228.757828
869.841064 162.425720
869.291138 94.229378
