350.541046 484.706055
356.311005 423.483398
361.716614 362.891693
367.391113 302.185150
373.039337 241.975662
378.532471 182.225113
383.772888 122.482559
389.437927 63.391644
409.557343 493.737122
415.162720 433.169739
420.573914 372.873108
426.115875 312.817963
431.652985 253.036591
436.887360 193.684891
442.337738 134.686539
447.594757 76.166847
467.257172 502.765076
472.891388 442.677765
478.384094 383.199310
483.656677 323.618042
489.349945 264.264496
494.382202 205.437195
499.551361 146.954025
504.487488 88.888168
523.767395 511.807007
529.033203 452.436401
535.011108 393.282990
540.227356 334.265808
545.388000 275.452179
550.540344 217.454269
555.411804 159.109375
560.343811 101.383209
578.642700 520.550842
584.579163 461.953735
589.925232 402.837219
595.335022 344.659088
600.578674 286.483765
605.470764 228.751343
610.241455 171.408524
615.144165 114.078156
632.608215 529.403198
638.026123 471.236298
643.907959 412.961395
649.315491 354.967163
654.423035 297.511230
658.979553 240.205444
664.174927 183.076691
668.756348 126.686005
685.093994 538.048462
690.688110 480.632965
696.236694 422.946564
701.721313 365.608002
707.017334 308.332825
711.879333 251.525375
716.725464 195.194214
720.952393 138.573273
736.311340 546.671936
742.002136 489.649048
747.544250 432.727234
753.039917 375.842194
758.258545 319.247589
763.074036 262.931213
768.013000 206.736008
772.303955 151.352417
786.617310 554.791504
792.292114 498.648438
798.026489 442.135986
803.121948 385.926178
808.184570 329.883148
813.447693 274.203491
818.011414 218.345810
822.757874 163.136932
835.561401 563.077026
841.302673 507.355530
846.819763 451.335236
851.973145 395.939240
857.335022 340.329956
862.062805 285.114502
867.267639 230.016479
871.735596 175.132736
883.402893 571.109680
889.160828 515.807068
894.476013 460.542694
899.906067 405.459839
905.129883 350.639099
910.033203 296.160858
915.022949 241.276382
919.718018 186.807617
