300.905029 513.495056
304.552643 452.897156
308.075867 392.015869
311.819427 331.210663
315.234589 270.158478
319.275726 208.918411
322.753448 147.803284
326.272400 86.890686
359.335693 518.690369
362.851898 458.731079
366.835876 398.575378
370.386993 338.308929
374.083801 277.527954
377.586853 217.028458
381.494385 156.205215
385.040100 96.032829
416.947662 523.954102
420.560059 464.613007
424.547058 404.863892
428.289825 344.840332
432.117859 284.797760
435.970276 224.985092
439.436859 164.789627
443.032990 104.813164
473.105408 529.210754
477.007690 470.503754
481.042267 411.013611
484.925690 351.794250
488.627106 292.098053
492.515747 232.817429
496.294830 173.232437
499.742523 113.581062
528.417114 534.455322
532.153931 476.029785
536.304810 417.514832
540.347534 358.765533
544.284729 299.505157
548.064392 240.697433
551.850586 181.816696
555.396667 122.821526
582.072449 539.496704
586.267090 481.773712
590.799866 423.691833
594.962708 365.584808
598.903320 307.125061
602.767212 248.635040
606.784790 189.965454
610.183777 131.757095
634.915039 544.515198
639.534912 487.177582
643.888916 429.624359
648.073669 372.184021
652.493408 313.940002
656.331970 256.471954
660.152100 198.476517
663.861755 140.504410
686.625732 549.577881
691.434448 492.997070
695.935547 435.779663
700.137512 378.825836
704.300476 321.508270
708.432007 264.224823
712.531372 206.581146
716.200745 149.431274
737.158875 554.485535
741.995605 498.555389
746.691284 441.883423
751.143494 385.497162
755.591370 328.547485
759.647888 271.703552
763.783203 214.827408
767.767151 158.135818
786.807434 559.608459
791.686218 503.793091
796.557922 448.176971
800.988892 391.899567
805.674927 335.686737
809.682434 279.366486
814.309631 223.025238
817.937805 166.726669
835.335449 563.982849
840.295776 509.011230
845.001709 453.506012
849.857483 398.292419
854.362671 342.890900
858.990173 286.535553
863.210144 231.126526
867.304810 174.930496
